time, platform_angle, platform_speed
0.001000, -0.000718, 0.001475
0.002000, -0.000519, -0.002702
0.003000, 0.001330, 0.001025
0.004000, -0.000196, -0.000287
0.005000, 0.001257, -0.000389
0.006000, -0.001962, 0.064075
0.007000, -0.005136, 0.136049
0.008000, -0.007358, 0.161304
0.009000, -0.010472, 0.234208
0.010000, -0.014843, 0.393458
0.011000, -0.021643, 0.580013
0.012000, -0.023868, 0.650294
0.013000, -0.027810, 0.729078
0.014000, -0.029694, 0.758916
0.015000, -0.028633, 0.770852
0.016000, -0.029705, 0.771338
0.017000, -0.028869, 0.774183
0.018000, -0.029695, 0.774387
0.019000, -0.030543, 0.775227
0.020000, -0.028529, 0.777523
0.021000, -0.029330, 0.778652
0.022000, -0.028580, 0.779318
0.023000, -0.029626, 0.777825
0.024000, -0.028023, 0.777785
0.025000, -0.027964, 0.778455
0.026000, -0.028942, 0.781143
0.027000, -0.029003, 0.780034
0.028000, -0.029329, 0.781052
0.029000, -0.029685, 0.780253
0.030000, -0.030132, 0.781410
0.031000, -0.028672, 0.781882
0.032000, -0.028523, 0.781956
0.033000, -0.029203, 0.783955
0.034000, -0.027865, 0.783050
0.035000, -0.029953, 0.783976
0.036000, -0.030185, 0.784570
0.037000, -0.029313, 0.784683
0.038000, -0.030311, 0.785961
0.039000, -0.029545, 0.787267
0.040000, -0.032444, 0.785821
0.041000, -0.029714, 0.788834
0.042000, -0.031395, 0.788525
0.043000, -0.029569, 0.788049
0.044000, -0.031460, 0.786885
0.045000, -0.028399, 0.787655
0.046000, -0.029081, 0.790372
0.047000, -0.028645, 0.790144
0.048000, -0.028940, 0.789134
0.049000, -0.029602, 0.790028
0.050000, -0.030795, 0.791683
0.051000, -0.029470, 0.793040
0.052000, -0.030301, 0.791808
0.053000, -0.029723, 0.792655
0.054000, -0.031346, 0.793661
0.055000, -0.031074, 0.793448
0.056000, -0.028247, 0.795718
0.057000, -0.031887, 0.794700
0.058000, -0.030457, 0.796749
0.059000, -0.030115, 0.796624
0.060000, -0.031431, 0.797226
0.061000, -0.030069, 0.796157
0.062000, -0.030302, 0.796311
0.063000, -0.031220, 0.798988
0.064000, -0.030002, 0.799434
0.065000, -0.029828, 0.796663
0.066000, -0.030775, 0.800452
0.067000, -0.028950, 0.801069
0.068000, -0.030434, 0.799693
0.069000, -0.031194, 0.801435
0.070000, -0.030088, 0.801458
0.071000, -0.032294, 0.802289
0.072000, -0.030534, 0.803900
0.073000, -0.029023, 0.802716
0.074000, -0.031414, 0.803200
0.075000, -0.031614, 0.803651
0.076000, -0.030435, 0.804545
0.077000, -0.029613, 0.804990
0.078000, -0.028963, 0.805255
0.079000, -0.030389, 0.806410
0.080000, -0.030477, 0.805911
0.081000, -0.029698, 0.807128
0.082000, -0.029987, 0.805697
0.083000, -0.029175, 0.807519
0.084000, -0.031349, 0.806421
0.085000, -0.031236, 0.807409
0.086000, -0.030547, 0.808748
0.087000, -0.029981, 0.808377
0.088000, -0.030383, 0.809041
0.089000, -0.030169, 0.809939
0.090000, -0.028794, 0.807473
0.091000, -0.030869, 0.812151
0.092000, -0.031448, 0.811298
0.093000, -0.030921, 0.810456
0.094000, -0.029740, 0.811992
0.095000, -0.030413, 0.811986
0.096000, -0.029367, 0.812837
0.097000, -0.030855, 0.814305
0.098000, -0.030305, 0.812079
0.099000, -0.029077, 0.815044
0.100000, -0.030547, 0.814253
0.101000, -0.030908, 0.814062
0.102000, -0.030113, 0.814136
0.103000, -0.031602, 0.818039
0.104000, -0.029366, 0.815321
0.105000, -0.030266, 0.817920
0.106000, -0.032295, 0.817413
0.107000, -0.031427, 0.818683
0.108000, -0.029759, 0.818241
0.109000, -0.031453, 0.818987
0.110000, -0.030583, 0.820111
0.111000, -0.028803, 0.818530
0.112000, -0.029536, 0.821488
0.113000, -0.031941, 0.821857
0.114000, -0.032563, 0.821334
0.115000, -0.031996, 0.824016
0.116000, -0.031162, 0.821582
0.117000, -0.030102, 0.823693
0.118000, -0.031019, 0.820792
0.119000, -0.033224, 0.823656
0.120000, -0.032173, 0.822174
0.121000, -0.029529, 0.823369
0.122000, -0.031334, 0.824364
0.123000, -0.030805, 0.824936
0.124000, -0.030025, 0.825415
0.125000, -0.029685, 0.824917
0.126000, -0.030859, 0.826206
0.127000, -0.030770, 0.827068
0.128000, -0.031662, 0.825225
0.129000, -0.030767, 0.827692
0.130000, -0.030723, 0.827772
0.131000, -0.031720, 0.828372
0.132000, -0.030494, 0.828658
0.133000, -0.030581, 0.827572
0.134000, -0.031560, 0.827542
0.135000, -0.032298, 0.828379
0.136000, -0.031576, 0.829966
0.137000, -0.032476, 0.830389
0.138000, -0.030548, 0.829735
0.139000, -0.031024, 0.832075
0.140000, -0.031385, 0.833089
0.141000, -0.031814, 0.833246
0.142000, -0.030919, 0.832592
0.143000, -0.030910, 0.832253
0.144000, -0.031429, 0.830997
0.145000, -0.033067, 0.833012
0.146000, -0.031650, 0.836573
0.147000, -0.030265, 0.834109
0.148000, -0.030299, 0.833805
0.149000, -0.030214, 0.835442
0.150000, -0.030762, 0.835711
0.151000, -0.032121, 0.836678
0.152000, -0.030425, 0.835630
0.153000, -0.029730, 0.837679
0.154000, -0.032293, 0.835703
0.155000, -0.031630, 0.837480
0.156000, -0.030417, 0.839150
0.157000, -0.031041, 0.837766
0.158000, -0.032813, 0.838821
0.159000, -0.031592, 0.838587
0.160000, -0.031138, 0.837773
0.161000, -0.031969, 0.839651
0.162000, -0.033876, 0.839263
0.163000, -0.031678, 0.842182
0.164000, -0.031410, 0.842367
0.165000, -0.030778, 0.840357
0.166000, -0.030264, 0.841469
0.167000, -0.031931, 0.841608
0.168000, -0.032052, 0.841460
0.169000, -0.031356, 0.841009
0.170000, -0.030567, 0.843679
0.171000, -0.031360, 0.844350
0.172000, -0.032812, 0.841520
0.173000, -0.033379, 0.843329
0.174000, -0.031211, 0.844832
0.175000, -0.032721, 0.846633
0.176000, -0.033675, 0.847158
0.177000, -0.032450, 0.845254
0.178000, -0.031182, 0.847220
0.179000, -0.031258, 0.845557
0.180000, -0.029480, 0.847107
0.181000, -0.029781, 0.846355
0.182000, -0.033274, 0.847371
0.183000, -0.032156, 0.847531
0.184000, -0.034361, 0.849862
0.185000, -0.030659, 0.848278
0.186000, -0.031866, 0.848552
0.187000, -0.030711, 0.849698
0.188000, -0.031463, 0.849873
0.189000, -0.031601, 0.849132
0.190000, -0.032786, 0.850703
0.191000, -0.030956, 0.851261
0.192000, -0.032156, 0.849933
0.193000, -0.033122, 0.851877
0.194000, -0.032153, 0.852419
0.195000, -0.032993, 0.851877
0.196000, -0.031820, 0.851225
0.197000, -0.031987, 0.851859
0.198000, -0.031237, 0.853604
0.199000, -0.031616, 0.853955
0.200000, -0.032323, 0.853788
0.201000, -0.031237, 0.854493
0.202000, -0.031434, 0.854052
0.203000, -0.031519, 0.853467
0.204000, -0.031203, 0.855812
0.205000, -0.032073, 0.855347
0.206000, -0.031166, 0.855205
0.207000, -0.032127, 0.857447
0.208000, -0.030082, 0.855957
0.209000, -0.032349, 0.856565
0.210000, -0.032297, 0.858285
0.211000, -0.034066, 0.858951
0.212000, -0.032942, 0.858360
0.213000, -0.032174, 0.859043
0.214000, -0.031601, 0.857858
0.215000, -0.034127, 0.858637
0.216000, -0.034488, 0.858736
0.217000, -0.032368, 0.859538
0.218000, -0.035067, 0.859780
0.219000, -0.032957, 0.860080
0.220000, -0.032320, 0.862581
0.221000, -0.034159, 0.859095
0.222000, -0.033613, 0.859770
0.223000, -0.033514, 0.860224
0.224000, -0.031476, 0.861775
0.225000, -0.033614, 0.861499
0.226000, -0.031783, 0.862719
0.227000, -0.031263, 0.862292
0.228000, -0.033491, 0.864465
0.229000, -0.033124, 0.863065
0.230000, -0.032952, 0.862668
0.231000, -0.031887, 0.864681
0.232000, -0.032451, 0.863622
0.233000, -0.031523, 0.866029
0.234000, -0.033219, 0.866292
0.235000, -0.031863, 0.864953
0.236000, -0.033455, 0.867277
0.237000, -0.032550, 0.866361
0.238000, -0.034048, 0.866180
0.239000, -0.031297, 0.865411
0.240000, -0.033106, 0.867195
0.241000, -0.031044, 0.867734
0.242000, -0.033138, 0.870163
0.243000, -0.031734, 0.867670
0.244000, -0.032049, 0.870842
0.245000, -0.032257, 0.869676
0.246000, -0.033379, 0.867493
0.247000, -0.033194, 0.870812
0.248000, -0.031900, 0.868474
0.249000, -0.031472, 0.869178
0.250000, -0.033026, 0.870630
0.251000, -0.031745, 0.872017
0.252000, -0.033312, 0.869665
0.253000, -0.033272, 0.869909
0.254000, -0.031943, 0.870105
0.255000, -0.031840, 0.870777
